0.533856
0.342446
0.188506
0.152435
0.212438
0.157805
0.195604
0.143406
0.166823
0.145782
0.196364
0.151333
0.162715
0.156587
0.201601
0.170135
0.160245
0.147232
0.19115
0.153158
0.19389
0.146962
0.189867
0.143844
0.192868
0.148345
0.201155
0.147672
0.163717
0.141341
0.186597
0.14649
0.179139
0.144728
0.196829
0.143976
0.191117
0.14296
0.188168
0.13843
0.174827
0.150718
0.185352
0.145502
0.184
0.139214
0.208964
0.147721
0.167846
0.155494
0.192582
0.152164
0.168106
0.149658
0.18778
0.143122
0.1547
0.141931
0.189964
0.14044
0.181274
0.160014
0.175906
0.142164
0.198191
0.144696
0.201936
0.152352
0.169243
0.142125
0.183996
0.147905
0.182309
0.150152
0.174324
0.155014
0.194204
0.140447
0.168716
0.143343
0.198208
0.145202
0.193985
0.145401
0.166374
0.142206
0.184012
0.141581
0.168796
0.140407
0.182514
0.141553
0.169716
0.151518
0.196972
0.145522
0.158346
0.150282
0.193577
0.143963
0.187053
0.149133
0.166306
0.148759
0.203861
0.159229
0.162785
0.147356
0.184696
0.151704
0.186788
0.482358
0.151294
0.159122
0.192524
0.154729
0.195723
0.138344
0.187053
0.146703
0.164888
0.149171
0.199045
0.144506
0.2063
0.144851
0.176516
0.147341
0.189722
0.13679
0.186608
0.139779
0.186781
0.145746
0.176182
0.146166
0.200959
0.158217
0.185445
0.157558
0.182334
0.147532
0.181234
0.14605
0.196178
0.148114
0.178447
0.139484
0.196875
0.151185
0.190345
0.14191
0.17055
0.146427
0.194703
0.145995
0.168233
0.13818
0.200354
0.142128
0.192269
0.14476
0.171892
0.150001
0.194589
0.1462
0.168163
0.139644
0.182262
0.140232
0.164743
0.142618
0.191842
0.141873
0.171985
0.142369
0.186313
0.141036
0.16543
0.143545
0.196027
0.148549
0.15803
0.139664
0.19285
0.139615
0.15261
0.149593
0.207695
0.137587
0.152432
0.134836
0.188989
0.149189
0.165919
0.142507
0.191838
0.146272
0.182856
0.147559
0.170663
0.152666
0.193794
0.146678
0.179223
0.13942
0.191192
0.137489
0.193194
0.143154
0.194073
0.134412
0.180935
0.155288
0.192655
0.14134
0.166191
0.135992
0.185251
0.134943
0.179764
0.140763
0.53223
0.155713
0.147943
0.189211
0.14441
0.184048
0.146226
0.183996
0.153761
0.198559
0.143513
0.166851
0.143045
0.205327
0.160145
0.186171
0.159765
0.180237
0.165258
0.190474
0.144377
0.199411
0.144707
0.188509
0.13577
0.183526
0.162929
0.169475
0.150276
0.190294
0.152363
0.172405
0.144235
0.187694
0.151789
0.175036
0.13865
0.200567
0.15596
0.18464
0.15962
0.194138
0.147276
0.200313
0.156258
0.187181
0.144739
0.177238
0.138856
0.194201
0.142427
0.184232
0.151879
0.194949
0.153646
0.185062
0.142041
0.167493
0.140561
0.192516
0.135094
0.18125
0.141459
0.187329
0.140612
0.166208
0.139808
0.190286
0.139739
0.166407
0.145551
0.203295
0.145679
0.196475
0.161858
0.178022
0.1509
0.199605
0.153124
0.192947
0.141984
0.163236
0.140892
0.191232
0.143241
0.169174
0.142598
0.196835
0.155038
0.185996
0.143299
0.197189
0.146391
0.20449
0.145321
0.16947
0.140725
0.19397
0.159778
0.185433
0.151339
0.197146
0.154131
0.191715
0.147902
0.175928
0.141176
0.187199
0.136507
0.193743
0.142529
