0.476
0.082
0.1
0.064
0.057
0.086
0.059
0.059
0.09
0.055
0.054
0.097
0.051
0.055
0.091
0.066
0.095
0.053
0.052
0.094
0.06
0.066
0.056
0.066
0.075
0.066
0.055
0.101
0.06
0.056
0.098
0.053
0.048
0.1
0.05
0.052
0.076
0.055
0.054
0.085
0.089
0.055
0.053
0.09
0.06
0.054
0.087
0.051
0.046
0.095
0.093
0.052
0.053
0.094
0.055
0.05
0.108
0.059
0.053
0.096
0.055
0.067
0.057
0.055
0.099
0.096
0.062
0.109
0.061
0.058
0.101
0.075
0.053
0.099
0.059
0.052
0.1
0.06
0.056
0.104
0.064
0.052
0.092
0.053
0.053
0.055
0.058
0.089
0.06
0.055
0.102
0.054
0.054
0.094
0.054
0.05
0.081
0.051
0.103
0.127
0.113
0.108
0.111
0.115
0.052
0.053
0.1
0.052
0.076
0.053
0.054
0.082
0.055
0.049
