0
403783000
81520000
70295000
68237000
68053000
66893000
66860000
69984000
63087000
67180000
65699000
64559000
55399000
60451000
68193000
65165000
66184000
63724000
63504000
-936753000
63345000
63124000
-935352000
72827000
55901000
-940779000
63775000
63833000
64061000
66864000
62029000
61986000
61316000
60550000
62767000
59375000
56851000
61535000
61305000
60816000
63504000
63577000
65983000
61149000
62715000
62494000
63443000
60112000
57390000
63932000
62012000
-936444000
61261000
60189000
-938577000
63809000
63221000
61610000
61014000
61010000
56411000
59850000
61326000
61613000
69667000
66233000
67879000
69266000
68239000
65676000
69054000
69016000
61074000
73837000
67744000
70419000
75119000
74960000
71515000
73320000
71825000
71671000
66391000
61749000
59064000
65617000
-913870000
71274000
73578000
-931778000
70866000
71921000
70759000
66202000
73129000
71179000
68264000
72958000
65379000
65631000
70754000
75086000
81249000
73317000
74930000
71988000
70119000
74374000
63452000
73476000
75436000
-615417000
101709000
79279000
72986000
64796000
76787000
65853000
66894000
68953000
67195000
65357000
69916000
60620000
66872000
71829000
88822000
60183000
62284000
65024000
60943000
61546000
61353000
59249000
-939525000
57273000
63552000
-937534000
60677000
66235000
67855000
66673000
64047000
63115000
63764000
65592000
62472000
56868000
65437000
64117000
65220000
63843000
61064000
64397000
63065000
61625000
63557000
64954000
65319000
56737000
66200000
67478000
65046000
64835000
67260000
67600000
-934717000
66251000
63658000
-931258000
77213000
56617000
64933000
65409000
64833000
64954000
65522000
64062000
63537000
62848000
60392000
63448000
65727000
57719000
66149000
63083000
63342000
62035000
61176000
62121000
63693000
61887000
64820000
69861000
67296000
-942520000
64696000
68287000
-928852000
69782000
69001000
70858000
68993000
65407000
66240000
68951000
69600000
58271000
65460000
64808000
61702000
63170000
67453000
67106000
68653000
65676000
68772000
65188000
66253000
57718000
68453000
69127000
376084000
-910542000
64174000
69663000
-932802000
64862000
66364000
-932787000
65762000
65323000
62908000
62619000
56479000
63800000
63246000
65337000
63241000
63638000
65138000
63776000
62465000
65696000
66170000
65483000
63128000
72413000
74468000
72100000
73629000
69807000
73103000
72987000
73537000
73000000
73795000
76139000
-933047000
73370000
74057000
-924070000
75295000
72740000
74140000
71172000
70392000
72316000
71937000
76967000
66810000
69673000
72890000
72925000
73599000
76066000
79726000
73197000
76723000
74617000
73000000
71645000
66683000
72477000
71125000
76050000
73102000
-923301000
77360000
73873000
-925698000
72769000
73405000
71423000
67941000
75367000
75707000
75769000
73912000
73473000
75121000
72839000
71443000
74759000
71211000
71935000
65439000
73364000
73610000
73754000
71731000
75106000
74721000
75167000
72521000
75422000
72431000
71594000
66040000
-922401000
65319000
63977000
-937154000
66145000
67470000
61988000
66860000
61753000
66743000
63087000
59791000
66682000
64823000
0.38
0.092
0.077
0.066
0.068
0.059
0.066
0.064
0.063
0.064
0.067
0.065
0.062
0.082
0.072
0.075
0.071
0.075
0.068
0.067
0.081
0.072
0.074
0.073
-0.938
0.068
0.066
-0.93
0.065
0.068
0.072
0.067
0.072
0.066
0.07
0.069
0.066
0.066
0.07
0.073
0.069
0.073
0.067
0.067
0.077
0.07
0.069
0.067
0.066
0.077
0.072
0.068
0.073
-0.929
0.079
0.066
-0.935
0.068
0.066
0.065
0.058
0.066
0.083
0.089
0.075
0.074
0.069
0.087
0.077
0.077
0.079
0.074
0.062
0.069
0.067
0.072
0.071
0.069
0.076
0.066
0.069
0.066
0.067
0.079
0.065
-0.932
0.066
0.07
-0.93
0.075
0.071
0.072
0.077
0.072
0.086
0.065
0.059
0.063
0.064
0.077
0.076
0.069
0.063
0.063
0.063
0.064
0.063
0.065
0.058
0.064
0.065
0.512841
0.21039
0.129149
0.117893
0.132905
0.060191
0.101601
0.05353
0.053222
0.098398
0.098307
0.10721
0.094086
0.110293
0.111497
0.106056
0.091736
0.048616
0.050683
0.079095
0.052075
0.046985
0.081413
0.052673
0.048326
0.08906
0.095758
0.051976
0.050953
0.09432
0.052512
0.052629
0.092316
0.051881
0.054608
0.098914
0.052532
0.056888
0.095565
0.051857
0.047239
0.088972
0.052625
0.056812
0.10458
0.050566
0.051087
0.093571
0.05095
0.049255
0.099299
0.053748
0.053211
0.088182
0.049253
0.056413
0.096031
0.062452
0.077062
0.052701
0.046764
0.094545
0.054336
0.051394
0.089195
0.064121
0.059885
0.108684
0.053361
0.072111
0.112013
0.116131
0.094164
0.111085
0.099776
0.111882
0.077466
0.055317
0.048194
0.102184
0.106
0.110678
0.125149
0.112385
0.097924
0.055011
0.051969
0.063436
0.103086
0.052885
0.060205
0.101363
0.061485
0.057848
0.094254
0.052469
0.050627
0.090537
0.049563
0.050369
0.092193
0.055199
0.055131
0.089217
0.104327
0.054666
0.052725
0.101525
0.047336
0.055332
0.098239
-59.6
0.075
0.1
0.057
0.055
0.096
0.055
0.053
0.096
0.057
0.049
0.091
0.051
0.057
0.086
0.054
0.052
0.097
0.053
0.098
0.055
0.056
0.076
0.051
0.052
0.093
0.088
0.12
0.112
0.107
0.123
0.12
0.052
0.05
0.092
0.057
0.061
0.056
0.052
0.077
0.055
0.047
0.074
0.05
0.061
0.051
0.048
0.095
0.05
0.059
0.092
0.055
0.052
0.091
0.054
0.055
0.087
0.053
0.05
0.075
0.046
0.047
0.049
0.047
0.086
0.097
0.054
0.05
0.094
0.052
0.052
0.085
0.047
0.105
0.106
0.109
0.106
0.101
0.105
0.051
0.068
0.054
0.051
0.097
0.053
0.061
0.092
0.054
0.048
0.091
0.049
0.053
0.091
0.106
0.053
0.057
0.083
0.053
0.05
0.095
0.055
0.055
0.093
0.048
0.05
0.096
0.052
0.046
0.079
0.051
0.053
0.099
0.052
0.051
0.091
0.356
0.078
0.065
0.097
0.055
0.054
0.097
0.053
0.081
0.058
0.067
0.107
0.048
0.052
0.096
0.056
0.11
0.126
0.131
0.114
0.121
0.112
0.052
0.052
0.048
0.052
0.072
0.052
0.052
0.103
0.059
0.053
0.088
0.065
0.077
0.092
0.051
0.05
0.093
0.055
0.049
0.087
0.052
0.053
0.091
0.06
0.055
0.111
0.053
0.052
0.112
0.099
0.058
0.054
0.092
0.049
0.047
0.083
0.059
0.056
0.071
0.053
0.061
0.084
0.05
0.049
0.089
0.052
0.055
0.092
0.05
0.051
0.09
0.098
0.053
0.056
0.092
0.052
0.05
0.095
0.054
0.065
0.088
0.058
0.05
0.096
0.055
0.052
0.095
0.053
0.057
0.096
0.057
0.053
0.086
0.095
0.045
0.05
0.076
0.053
0.055
0.048
0.051
0.099
0.053
0.051
0.094
0.054
0.052
0.107
0.051
0.055
0.085
0.101
0.064
