0.489816
0.06737
0.103817
0.068606
0.058432
0.097337
0.088561
0.054878
0.064392
0.091678
0.053638
0.054522
0.08394
0.06157
0.058098
0.079894
0.051204
0.050729
0.104736
0.057438
0.052695
0.088051
0.049859
0.054247
0.088696
0.095272
0.054978
0.060944
0.098152
0.051644
0.049988
0.092908
0.051516
0.05058
0.089481
0.052036
0.047613
0.099744
0.097454
0.053601
0.051307
0.102647
0.059758
0.053822
0.098606
0.051533
0.086099
0.052165
0.04642
0.095184
0.049988
0.05138
0.085122
0.048138
0.050099
0.076158
0.049325
0.053976
0.089318
0.052046
0.046104
0.106494
0.056573
0.056013
0.085422
0.055681
0.054389
0.08667
0.053206
0.052844
0.094646
0.053952
0.046275
0.083057
0.04993
0.053248
0.090492
0.057059
0.053637
0.091191
0.051707
0.048308
0.079803
0.053117
0.048845
0.092746
0.054756
0.055679
0.089367
0.056729
0.051525
0.088149
0.051205
0.049876
0.09479
0.053336
0.051105
0.055404
0.052682
0.054802
0.08449
0.051181
0.054993
0.102747
0.052768
0.053671
0.088165
0.051723
0.046577
0.091094
0.049802
0.049783
0.087504
0.051592
0.051496
0.095344
0.048901
0.049741
