0.0 0.0
0.20686406414090233 0.031839424729549565
0.41372812828180466 0.06367884945909913
0.8271744676549293 0.12916231652493976
1.240620807028054 0.19464578359078039
1.86067328068976 0.29423960822865375
##############################
End of Driving {self._direction}
##############################
1.86067328068976 0.29423960822865375
1.86067328068976 0.29423960822865375
1.86067328068976 0.29423960822865375
1.86067328068976 0.29423960822865375
1.86067328068976 0.29423960822865375
2.067606315324958 0.3256276501661154
2.481472384595355 0.3884037340410386
2.8953384538657514 0.45117981791596184
3.309204523136148 0.513955901790885
3.7230705924065446 0.5767319856658082
4.136936661676941 0.6395080695407314
4.550802730947337 0.7022841534156545
5.1711778039243805 0.7998483314152071
##############################
End of Driving {self._direction}
##############################
1.0 1.0
1.2079545893931098 0.9763065673583772
1.6238637681793293 0.9289197020751314
2.247590906110896 0.8557865535876177
3.080011574729318 0.7627833791425547
3.912533198799638 0.6706882899395094
4.745054822869958 0.578593200736464
5.577576446940277 0.4864981115334187
6.410098071010597 0.3944030223303734
7.242619695080917 0.30230793312732807
8.075141319151237 0.21021284392428274
8.907662943221558 0.11811775472123741
9.949633148359677 0.016640163084332
10.991603353497796 -0.08483742855257341
12.033573558635915 -0.18631502018947882
##############################
End of Driving {self._direction}
##############################
12.033573558635915 -0.18631502018947882
12.033573558635915 -0.18631502018947882
12.033573558635915 -0.18631502018947882
12.242410374768903 -0.20023170899954135
12.660114120036583 -0.22760945889527923
13.077817865304263 -0.2549872087910171
13.495521610571943 -0.282364958686755
14.12230807025658 -0.321387182559827
14.749094529941216 -0.36040940643289904
15.585241805031934 -0.40971959157113497
16.42138908012265 -0.4590297767093709
17.257536355213368 -0.5083399618476069
18.093683630304085 -0.5576501469858428
18.9298309053948 -0.6069603321240787
##############################
End of Driving {self._direction}
##############################
18.9298309053948 18.9298309053948
18.74699481078502 18.82796112328135
18.564158716175235 18.7260913411679
18.199827821854793 18.51996283890859
18.612686974658278 18.58905176672187
18.248356080337835 18.38292326446256
17.70483497113402 18.068330187854297
16.980826494407037 17.647158624679058
16.256818017680054 17.22598706150382
15.532809540953071 16.80481549832858
14.80926092179387 16.382854415155247
13.910718273768769 15.845620090414133
13.01217562574367 15.30838576567302
12.114219543934384 14.770171602777136
11.216263462125099 14.231957439881253
10.136677127996974 13.58967106515126
9.056390810565256 12.948562718325377
7.976104493133538 12.307454371499494
6.8958181757018195 11.666346024673611
5.630587006686841 10.926634290987447
4.365355837671862 10.186922557301283
3.10093232158281 9.44583111087851
1.6587177882543231 8.59418138836573
0.21650325492583633 7.742531665852949
-1.4080206086757612 6.787999394743722
-3.0325444722773587 5.833467123634495
-4.657068335878956 4.878934852525268
-2.772923265391313 4.893322116237115
-4.398487395450669 3.9405624933183168
-6.024051525510025 2.987802870399518
-7.835932802768291 1.939075790973724
-9.647814080026556 0.8903487115479298
-11.459695357284822 -0.1583783678778643
-13.453978657119627 -1.309778367877864
-15.447004788130057 -2.4633531080267623
-17.440030919140487 -3.616927848175661
-19.618655278086266 -4.868427809265593
-21.981718811362814 -6.219029888968775
-24.51209482084685 -7.698402884743553
-27.04247083033089 -9.17777588051833
-29.571231589070393 -10.659908207626541
-32.0999923478099 -12.142040534734752
-34.62875310654941 -13.624172861842963
-37.3415421270933 -15.206224659356733
-40.0560552841055 -16.785316322436387
-42.770568441117696 -18.36440798551604
-45.654911400273726 -20.067656582746356
-48.539254359429755 -21.770905179976673
-51.58599209954572 -23.61062851595768
-54.81825659347074 -25.547973297175417
-51.05036103937235 -25.486315747714166
-54.44669011970199 -27.557410332253266
-57.843019200031634 -29.628504916792366
-61.3916284026721 -31.851308105771416
-57.207041090592696 -31.70060867782273
-60.943258743055154 -34.01829039527832
-56.54860940422338 -33.884021714248696
-60.4467105077985 -36.337599466492634
-64.342132854567 -38.79542792679994
-68.23487180932034 -41.25750417057183
-72.27903420618712 -43.87128774955627
-76.3231966030539 -46.485071328540705
-80.56090126168533 -49.18478694064016
-84.96590131721683 -52.01138979933245
-89.54096623341451 -54.96123080734917
-94.11924620438748 -57.90607943968798
-98.69752617536045 -60.85092807202679
-103.47504767716791 -63.87261083329863
-108.25256917897536 -66.89429359457047
-113.03009068078282 -69.91597635584232
-117.96733654827443 -73.07651303241119
-123.06652704369044 -76.37217207749748
-128.37471523887385 -79.72949046045069
-133.84849440048865 -83.21667237854325
-139.31846638082052 -86.70982318753849
-144.9450869398322 -90.34636568487122
-150.5717074988439 -93.98290818220394
-156.20229156197607 -97.6133108262645
-161.83287562510824 -101.24371347032505
-167.66374424651121 -104.94945071950208
-172.56935705185413 -110.10760751859762
-177.34659160907827 -115.66410667051542
-181.66295717385168 -121.84284964309799
-186.0062414165162 -128.00270016055555
-191.53136469584413 -133.4322236855279
-197.05648797517208 -138.86174721050025
-201.93396394986306 -145.14691949185516
-206.7633057835589 -151.46915168810636
-211.55809352979125 -157.8176296914218
-216.42912933073464 -164.3705096098949
-221.41769401634562 -171.09681044077325
-226.56870553985738 -177.96355175559276
-231.71971706336913 -184.83029307041227
-236.93473864504364 -191.91024185502005
-242.14976022671814 -198.99019063962783
-247.48100083695707 -206.24447766977346
-252.812241447196 -213.4987646999191
-258.29168947647065 -220.90381371423885
-263.81274890175945 -228.53786876463178
-269.33380832704825 -236.1719238150247
-274.85486775233704 -243.80597886541764
-280.5070900261958 -251.60346818742988
-286.1678146769237 -259.39478725345725
-291.8285393276516 -267.1861063194846
-297.655619780042 -275.11508894094175
-303.5270367948654 -283.27100167269913
-309.55706691960864 -291.57062611629226
-299.10770132400984 -290.94295590868614
-305.3837783553627 -299.58123486612465
-311.70577529359656 -308.4443476913662
-318.0999476257972 -317.51286440558795
-307.04929561053706 -316.50960708683743
-313.96090172837324 -325.45621370789155
-321.01046126451394 -334.5608460116372
-329.0064828372307 -343.135529350901
-338.0724798260487 -350.89574160887065
-348.1022982888983 -357.7408267509476
-357.844412184445 -365.3351010814018
-367.56993477221073 -372.9506113174174
-377.27048362922204 -380.59790741687215
-387.1692383128036 -388.3316621714705
-397.06799299638516 -396.06541692606885
-406.9667476799667 -403.7991716806672
-416.9873996412146 -411.71655605124937
-427.21601562625597 -419.708026699419
-437.4446316112973 -427.69949734758865
-447.6732475963387 -435.6909679957583
-457.9868862687953 -443.91319137718057
-468.30052494125187 -452.13541475860285
-478.61416361370846 -460.35763814002513
-489.04574745685636 -468.7673527019693
-499.47733130000427 -477.17706726391344
-509.90891514315217 -485.5867818258576
-520.5406091146781 -494.08154946575337
-531.2980802054242 -502.75398719350693
-542.0555512961703 -511.4264249212605
-552.9567331267195 -520.2540279105948
-564.0400914650637 -529.1891888041578
-575.1234498034079 -538.1243496977207
-586.206808141752 -547.0595105912837
-597.3435897398352 -556.2603867694852
-608.4803713379184 -565.4612629476867
-619.6171529360016 -574.6621391258882
-630.743891311221 -583.8751581717505
-641.8706296864403 -593.0881772176128
-652.9873115989598 -602.3133281684571
-664.1039935114792 -611.5384791193014
-675.4125375933179 -620.8605234765822
-686.9339818235296 -630.252999289174
-698.5655279559744 -639.8413059894631
-710.1970740884192 -649.4296126897522
-721.9795868812743 -659.1639726859823
-733.7727112014804 -668.8854741655975
-745.5658355216866 -678.6069756452127
-757.5419318735449 -688.4355039181032
-769.5180282254031 -698.2640321909937
-781.5465346757017 -708.3571475170527
-793.6794100279377 -718.6511256424958
-805.8804018566971 -729.1873852674552
-818.0813936854564 -739.7236448924145
-830.2708849811124 -750.273207463589
-842.5252097916458 -761.0673488188772
-854.9604146554059 -771.9727307968878
-867.395619519166 -782.8781127748985
-879.830824382926 -793.7834947529091
-892.4233893183914 -804.8268778100202
-905.1366551261253 -816.0499260319564
-918.0316601063663 -827.3834501903794
-931.0838745288951 -838.8551469989745
-944.2679381717455 -850.4938072977919
-957.6476042016607 -862.2274594887313
-971.0272702315758 -873.9611116796706
-984.5513383170057 -885.8475244884476
-998.1536973269438 -897.9614620202642
-1011.7560563368818 -910.0753995520809
-1025.120281210975 -922.757575419205
-1006.6186380735916 -920.5472941120153
-1021.5363903887248 -931.7122754422431
-1036.5723013428171 -943.0683834036272
-1051.7877453531362 -954.5340428617154
-1067.107210951052 -966.2096309001944
-1082.5931414737993 -978.0120886308808
-1098.0790719965466 -989.8145463615673
-1113.5778677874978 -1001.6001045439529
-1129.076663578449 -1013.3856627263384
##############################
End of Driving {self._direction}
##############################
-1129.076663578449 -1013.3856627263384
-1129.076663578449 -1013.3856627263384
-1129.076663578449 -1013.3856627263384
-1129.076663578449 -1013.3856627263384
-1128.8688143504082 -1013.3610621490504
##############################
End of Driving {self._direction}
##############################
-1128.8688143504082 -1013.3610621490504
-1128.8688143504082 -1013.3610621490504
-1128.8688143504082 -1013.3610621490504
-1128.8688143504082 -1013.3610621490504
-1128.8688143504082 -1013.3610621490504
-1128.8688143504082 -1013.3610621490504
-1128.8688143504082 -1013.3610621490504
-1128.8922809257308 -1013.5690424602403
-1128.9159743583725 -1013.7769970496335
-1128.9651755129485 -1014.1926955057148
-1129.0362671311948 -1014.8166586310797
-1129.1301782802163 -1015.6489773537392
-1129.224089429238 -1016.4812960763986
-1129.3180005782594 -1017.3136147990581
